                                     35 clusters, alpha=0.05 (two-sided), icc=0.05
  ~50% of clusters around 35% (size=70), ~25% of clusters around 10% (size=80), ~25% of clusters around 50% (size=50)
                                      configurations (with power individual ITS):


                         config    r  r_dmax  k  m   rho  reduction  cluster  size  p_ctl   delta            sd  alpha    de  dmax  power_its_CS  power_its_AR1  power_its_LEAR
-------------------------------  ---  ------  -  -  ----  ---------  -------  ----  -----  ------  ------------  -----  ----  ----  ------------  -------------  --------------
config=1: 2 pre, 2 post, 17% reduction

                         config    r  r_dmax  k  m   rho  reduction  cluster  size  p_ctl   delta            sd  alpha    de  dmax  power_its_CS  power_its_AR1  power_its_LEAR  
1: 2 pre, 2 post, 17% reduction  0.8     0.5  2  2  0.05       0.17        1    70   0.35  0.0595  0.4769696007   0.05  4.45     3   0.196650754   0.1032859141    0.1016460438
1: 2 pre, 2 post, 17% reduction  0.8     0.5  2  2  0.05       0.17        2    70   0.35  0.0595  0.4769696007   0.05  4.45     3   0.196650754   0.1032859141    0.1016460438
1: 2 pre, 2 post, 17% reduction  0.8     0.5  2  2  0.05       0.17        3    70   0.35  0.0595  0.4769696007   0.05  4.45     3   0.196650754   0.1032859141    0.1016460438
1: 2 pre, 2 post, 17% reduction  0.8     0.5  2  2  0.05       0.17        4    70   0.35  0.0595  0.4769696007   0.05  4.45     3   0.196650754   0.1032859141    0.1016460438
1: 2 pre, 2 post, 17% reduction  0.8     0.5  2  2  0.05       0.17        5    70   0.35  0.0595  0.4769696007   0.05  4.45     3   0.196650754   0.1032859141    0.1016460438
1: 2 pre, 2 post, 17% reduction  0.8     0.5  2  2  0.05       0.17        6    70   0.35  0.0595  0.4769696007   0.05  4.45     3   0.196650754   0.1032859141    0.1016460438
1: 2 pre, 2 post, 17% reduction  0.8     0.5  2  2  0.05       0.17        7    70   0.35  0.0595  0.4769696007   0.05  4.45     3   0.196650754   0.1032859141    0.1016460438
1: 2 pre, 2 post, 17% reduction  0.8     0.5  2  2  0.05       0.17        8    70   0.35  0.0595  0.4769696007   0.05  4.45     3   0.196650754   0.1032859141    0.1016460438
1: 2 pre, 2 post, 17% reduction  0.8     0.5  2  2  0.05       0.17        9    70   0.35  0.0595  0.4769696007   0.05  4.45     3   0.196650754   0.1032859141    0.1016460438
1: 2 pre, 2 post, 17% reduction  0.8     0.5  2  2  0.05       0.17       10    70   0.35  0.0595  0.4769696007   0.05  4.45     3   0.196650754   0.1032859141    0.1016460438
1: 2 pre, 2 post, 17% reduction  0.8     0.5  2  2  0.05       0.17       11    70   0.35  0.0595  0.4769696007   0.05  4.45     3   0.196650754   0.1032859141    0.1016460438
1: 2 pre, 2 post, 17% reduction  0.8     0.5  2  2  0.05       0.17       12    70   0.35  0.0595  0.4769696007   0.05  4.45     3   0.196650754   0.1032859141    0.1016460438
1: 2 pre, 2 post, 17% reduction  0.8     0.5  2  2  0.05       0.17       13    70   0.35  0.0595  0.4769696007   0.05  4.45     3   0.196650754   0.1032859141    0.1016460438
1: 2 pre, 2 post, 17% reduction  0.8     0.5  2  2  0.05       0.17       14    70   0.35  0.0595  0.4769696007   0.05  4.45     3   0.196650754   0.1032859141    0.1016460438
1: 2 pre, 2 post, 17% reduction  0.8     0.5  2  2  0.05       0.17       15    70   0.35  0.0595  0.4769696007   0.05  4.45     3   0.196650754   0.1032859141    0.1016460438
1: 2 pre, 2 post, 17% reduction  0.8     0.5  2  2  0.05       0.17       16    70   0.35  0.0595  0.4769696007   0.05  4.45     3   0.196650754   0.1032859141    0.1016460438
1: 2 pre, 2 post, 17% reduction  0.8     0.5  2  2  0.05       0.17       17    70   0.35  0.0595  0.4769696007   0.05  4.45     3   0.196650754   0.1032859141    0.1016460438
1: 2 pre, 2 post, 17% reduction  0.8     0.5  2  2  0.05       0.17       18    70   0.35  0.0595  0.4769696007   0.05  4.45     3   0.196650754   0.1032859141    0.1016460438
1: 2 pre, 2 post, 17% reduction  0.8     0.5  2  2  0.05       0.17       19    80    0.5   0.085           0.5   0.05  4.95     3   0.332951554   0.1593101769    0.1562530763
1: 2 pre, 2 post, 17% reduction  0.8     0.5  2  2  0.05       0.17       20    80    0.5   0.085           0.5   0.05  4.95     3   0.332951554   0.1593101769    0.1562530763
1: 2 pre, 2 post, 17% reduction  0.8     0.5  2  2  0.05       0.17       21    80    0.5   0.085           0.5   0.05  4.95     3   0.332951554   0.1593101769    0.1562530763
1: 2 pre, 2 post, 17% reduction  0.8     0.5  2  2  0.05       0.17       22    80    0.5   0.085           0.5   0.05  4.95     3   0.332951554   0.1593101769    0.1562530763
1: 2 pre, 2 post, 17% reduction  0.8     0.5  2  2  0.05       0.17       23    80    0.5   0.085           0.5   0.05  4.95     3   0.332951554   0.1593101769    0.1562530763
1: 2 pre, 2 post, 17% reduction  0.8     0.5  2  2  0.05       0.17       24    80    0.5   0.085           0.5   0.05  4.95     3   0.332951554   0.1593101769    0.1562530763
1: 2 pre, 2 post, 17% reduction  0.8     0.5  2  2  0.05       0.17       25    80    0.5   0.085           0.5   0.05  4.95     3   0.332951554   0.1593101769    0.1562530763
1: 2 pre, 2 post, 17% reduction  0.8     0.5  2  2  0.05       0.17       26    80    0.5   0.085           0.5   0.05  4.95     3   0.332951554   0.1593101769    0.1562530763
1: 2 pre, 2 post, 17% reduction  0.8     0.5  2  2  0.05       0.17       27    50    0.1   0.017           0.3   0.05  3.45     3  0.0697594436   0.0488513783    0.0484474957
1: 2 pre, 2 post, 17% reduction  0.8     0.5  2  2  0.05       0.17       28    50    0.1   0.017           0.3   0.05  3.45     3  0.0697594436   0.0488513783    0.0484474957
1: 2 pre, 2 post, 17% reduction  0.8     0.5  2  2  0.05       0.17       29    50    0.1   0.017           0.3   0.05  3.45     3  0.0697594436   0.0488513783    0.0484474957
1: 2 pre, 2 post, 17% reduction  0.8     0.5  2  2  0.05       0.17       30    50    0.1   0.017           0.3   0.05  3.45     3  0.0697594436   0.0488513783    0.0484474957
1: 2 pre, 2 post, 17% reduction  0.8     0.5  2  2  0.05       0.17       31    50    0.1   0.017           0.3   0.05  3.45     3  0.0697594436   0.0488513783    0.0484474957
1: 2 pre, 2 post, 17% reduction  0.8     0.5  2  2  0.05       0.17       32    50    0.1   0.017           0.3   0.05  3.45     3  0.0697594436   0.0488513783    0.0484474957
1: 2 pre, 2 post, 17% reduction  0.8     0.5  2  2  0.05       0.17       33    50    0.1   0.017           0.3   0.05  3.45     3  0.0697594436   0.0488513783    0.0484474957
1: 2 pre, 2 post, 17% reduction  0.8     0.5  2  2  0.05       0.17       34    50    0.1   0.017           0.3   0.05  3.45     3  0.0697594436   0.0488513783    0.0484474957
1: 2 pre, 2 post, 17% reduction  0.8     0.5  2  2  0.05       0.17       35    50    0.1   0.017           0.3   0.05  3.45     3  0.0697594436   0.0488513783    0.0484474957

config=2: 2 pre, 3 post, 17% reduction

                         config    r  r_dmax  k  m   rho  reduction  cluster  size  p_ctl   delta            sd  alpha    de  dmax  power_its_CS  power_its_AR1  power_its_LEAR  
2: 2 pre, 3 post, 17% reduction  0.8     0.5  2  3  0.05       0.17        1    70   0.35  0.0595  0.4769696007   0.05  4.45     4  0.2272141804   0.0970132924    0.1090089855
2: 2 pre, 3 post, 17% reduction  0.8     0.5  2  3  0.05       0.17        2    70   0.35  0.0595  0.4769696007   0.05  4.45     4  0.2272141804   0.0970132924    0.1090089855
2: 2 pre, 3 post, 17% reduction  0.8     0.5  2  3  0.05       0.17        3    70   0.35  0.0595  0.4769696007   0.05  4.45     4  0.2272141804   0.0970132924    0.1090089855
2: 2 pre, 3 post, 17% reduction  0.8     0.5  2  3  0.05       0.17        4    70   0.35  0.0595  0.4769696007   0.05  4.45     4  0.2272141804   0.0970132924    0.1090089855
2: 2 pre, 3 post, 17% reduction  0.8     0.5  2  3  0.05       0.17        5    70   0.35  0.0595  0.4769696007   0.05  4.45     4  0.2272141804   0.0970132924    0.1090089855
2: 2 pre, 3 post, 17% reduction  0.8     0.5  2  3  0.05       0.17        6    70   0.35  0.0595  0.4769696007   0.05  4.45     4  0.2272141804   0.0970132924    0.1090089855
2: 2 pre, 3 post, 17% reduction  0.8     0.5  2  3  0.05       0.17        7    70   0.35  0.0595  0.4769696007   0.05  4.45     4  0.2272141804   0.0970132924    0.1090089855
2: 2 pre, 3 post, 17% reduction  0.8     0.5  2  3  0.05       0.17        8    70   0.35  0.0595  0.4769696007   0.05  4.45     4  0.2272141804   0.0970132924    0.1090089855
2: 2 pre, 3 post, 17% reduction  0.8     0.5  2  3  0.05       0.17        9    70   0.35  0.0595  0.4769696007   0.05  4.45     4  0.2272141804   0.0970132924    0.1090089855
2: 2 pre, 3 post, 17% reduction  0.8     0.5  2  3  0.05       0.17       10    70   0.35  0.0595  0.4769696007   0.05  4.45     4  0.2272141804   0.0970132924    0.1090089855
2: 2 pre, 3 post, 17% reduction  0.8     0.5  2  3  0.05       0.17       11    70   0.35  0.0595  0.4769696007   0.05  4.45     4  0.2272141804   0.0970132924    0.1090089855
2: 2 pre, 3 post, 17% reduction  0.8     0.5  2  3  0.05       0.17       12    70   0.35  0.0595  0.4769696007   0.05  4.45     4  0.2272141804   0.0970132924    0.1090089855
2: 2 pre, 3 post, 17% reduction  0.8     0.5  2  3  0.05       0.17       13    70   0.35  0.0595  0.4769696007   0.05  4.45     4  0.2272141804   0.0970132924    0.1090089855
2: 2 pre, 3 post, 17% reduction  0.8     0.5  2  3  0.05       0.17       14    70   0.35  0.0595  0.4769696007   0.05  4.45     4  0.2272141804   0.0970132924    0.1090089855
2: 2 pre, 3 post, 17% reduction  0.8     0.5  2  3  0.05       0.17       15    70   0.35  0.0595  0.4769696007   0.05  4.45     4  0.2272141804   0.0970132924    0.1090089855
2: 2 pre, 3 post, 17% reduction  0.8     0.5  2  3  0.05       0.17       16    70   0.35  0.0595  0.4769696007   0.05  4.45     4  0.2272141804   0.0970132924    0.1090089855
2: 2 pre, 3 post, 17% reduction  0.8     0.5  2  3  0.05       0.17       17    70   0.35  0.0595  0.4769696007   0.05  4.45     4  0.2272141804   0.0970132924    0.1090089855
2: 2 pre, 3 post, 17% reduction  0.8     0.5  2  3  0.05       0.17       18    70   0.35  0.0595  0.4769696007   0.05  4.45     4  0.2272141804   0.0970132924    0.1090089855
2: 2 pre, 3 post, 17% reduction  0.8     0.5  2  3  0.05       0.17       19    80    0.5   0.085           0.5   0.05  4.95     4  0.3874698754   0.1476362022       0.1700027
2: 2 pre, 3 post, 17% reduction  0.8     0.5  2  3  0.05       0.17       20    80    0.5   0.085           0.5   0.05  4.95     4  0.3874698754   0.1476362022       0.1700027
2: 2 pre, 3 post, 17% reduction  0.8     0.5  2  3  0.05       0.17       21    80    0.5   0.085           0.5   0.05  4.95     4  0.3874698754   0.1476362022       0.1700027
2: 2 pre, 3 post, 17% reduction  0.8     0.5  2  3  0.05       0.17       22    80    0.5   0.085           0.5   0.05  4.95     4  0.3874698754   0.1476362022       0.1700027
2: 2 pre, 3 post, 17% reduction  0.8     0.5  2  3  0.05       0.17       23    80    0.5   0.085           0.5   0.05  4.95     4  0.3874698754   0.1476362022       0.1700027
2: 2 pre, 3 post, 17% reduction  0.8     0.5  2  3  0.05       0.17       24    80    0.5   0.085           0.5   0.05  4.95     4  0.3874698754   0.1476362022       0.1700027
2: 2 pre, 3 post, 17% reduction  0.8     0.5  2  3  0.05       0.17       25    80    0.5   0.085           0.5   0.05  4.95     4  0.3874698754   0.1476362022       0.1700027
2: 2 pre, 3 post, 17% reduction  0.8     0.5  2  3  0.05       0.17       26    80    0.5   0.085           0.5   0.05  4.95     4  0.3874698754   0.1476362022       0.1700027
2: 2 pre, 3 post, 17% reduction  0.8     0.5  2  3  0.05       0.17       27    50    0.1   0.017           0.3   0.05  3.45     4  0.0761371455   0.0472952085    0.0502457011
2: 2 pre, 3 post, 17% reduction  0.8     0.5  2  3  0.05       0.17       28    50    0.1   0.017           0.3   0.05  3.45     4  0.0761371455   0.0472952085    0.0502457011
2: 2 pre, 3 post, 17% reduction  0.8     0.5  2  3  0.05       0.17       29    50    0.1   0.017           0.3   0.05  3.45     4  0.0761371455   0.0472952085    0.0502457011
2: 2 pre, 3 post, 17% reduction  0.8     0.5  2  3  0.05       0.17       30    50    0.1   0.017           0.3   0.05  3.45     4  0.0761371455   0.0472952085    0.0502457011
2: 2 pre, 3 post, 17% reduction  0.8     0.5  2  3  0.05       0.17       31    50    0.1   0.017           0.3   0.05  3.45     4  0.0761371455   0.0472952085    0.0502457011
2: 2 pre, 3 post, 17% reduction  0.8     0.5  2  3  0.05       0.17       32    50    0.1   0.017           0.3   0.05  3.45     4  0.0761371455   0.0472952085    0.0502457011
2: 2 pre, 3 post, 17% reduction  0.8     0.5  2  3  0.05       0.17       33    50    0.1   0.017           0.3   0.05  3.45     4  0.0761371455   0.0472952085    0.0502457011
2: 2 pre, 3 post, 17% reduction  0.8     0.5  2  3  0.05       0.17       34    50    0.1   0.017           0.3   0.05  3.45     4  0.0761371455   0.0472952085    0.0502457011
2: 2 pre, 3 post, 17% reduction  0.8     0.5  2  3  0.05       0.17       35    50    0.1   0.017           0.3   0.05  3.45     4  0.0761371455   0.0472952085    0.0502457011

config=3: pre 2 post 3, 15% reduction

                         config    r  r_dmax  k  m   rho  reduction  cluster  size  p_ctl   delta            sd  alpha    de  dmax  power_its_CS  power_its_AR1  power_its_LEAR  
3: pre 2 post 3, 15% reduction   0.8     0.5  2  3  0.05       0.15        1    70   0.35  0.0525  0.4769696007   0.05  4.45     4  0.1865637329   0.0843260255    0.0938388826
3: pre 2 post 3, 15% reduction   0.8     0.5  2  3  0.05       0.15        2    70   0.35  0.0525  0.4769696007   0.05  4.45     4  0.1865637329   0.0843260255    0.0938388826
3: pre 2 post 3, 15% reduction   0.8     0.5  2  3  0.05       0.15        3    70   0.35  0.0525  0.4769696007   0.05  4.45     4  0.1865637329   0.0843260255    0.0938388826
3: pre 2 post 3, 15% reduction   0.8     0.5  2  3  0.05       0.15        4    70   0.35  0.0525  0.4769696007   0.05  4.45     4  0.1865637329   0.0843260255    0.0938388826
3: pre 2 post 3, 15% reduction   0.8     0.5  2  3  0.05       0.15        5    70   0.35  0.0525  0.4769696007   0.05  4.45     4  0.1865637329   0.0843260255    0.0938388826
3: pre 2 post 3, 15% reduction   0.8     0.5  2  3  0.05       0.15        6    70   0.35  0.0525  0.4769696007   0.05  4.45     4  0.1865637329   0.0843260255    0.0938388826
3: pre 2 post 3, 15% reduction   0.8     0.5  2  3  0.05       0.15        7    70   0.35  0.0525  0.4769696007   0.05  4.45     4  0.1865637329   0.0843260255    0.0938388826
3: pre 2 post 3, 15% reduction   0.8     0.5  2  3  0.05       0.15        8    70   0.35  0.0525  0.4769696007   0.05  4.45     4  0.1865637329   0.0843260255    0.0938388826
3: pre 2 post 3, 15% reduction   0.8     0.5  2  3  0.05       0.15        9    70   0.35  0.0525  0.4769696007   0.05  4.45     4  0.1865637329   0.0843260255    0.0938388826
3: pre 2 post 3, 15% reduction   0.8     0.5  2  3  0.05       0.15       10    70   0.35  0.0525  0.4769696007   0.05  4.45     4  0.1865637329   0.0843260255    0.0938388826
3: pre 2 post 3, 15% reduction   0.8     0.5  2  3  0.05       0.15       11    70   0.35  0.0525  0.4769696007   0.05  4.45     4  0.1865637329   0.0843260255    0.0938388826
3: pre 2 post 3, 15% reduction   0.8     0.5  2  3  0.05       0.15       12    70   0.35  0.0525  0.4769696007   0.05  4.45     4  0.1865637329   0.0843260255    0.0938388826
3: pre 2 post 3, 15% reduction   0.8     0.5  2  3  0.05       0.15       13    70   0.35  0.0525  0.4769696007   0.05  4.45     4  0.1865637329   0.0843260255    0.0938388826
3: pre 2 post 3, 15% reduction   0.8     0.5  2  3  0.05       0.15       14    70   0.35  0.0525  0.4769696007   0.05  4.45     4  0.1865637329   0.0843260255    0.0938388826
3: pre 2 post 3, 15% reduction   0.8     0.5  2  3  0.05       0.15       15    70   0.35  0.0525  0.4769696007   0.05  4.45     4  0.1865637329   0.0843260255    0.0938388826
3: pre 2 post 3, 15% reduction   0.8     0.5  2  3  0.05       0.15       16    70   0.35  0.0525  0.4769696007   0.05  4.45     4  0.1865637329   0.0843260255    0.0938388826
3: pre 2 post 3, 15% reduction   0.8     0.5  2  3  0.05       0.15       17    70   0.35  0.0525  0.4769696007   0.05  4.45     4  0.1865637329   0.0843260255    0.0938388826
3: pre 2 post 3, 15% reduction   0.8     0.5  2  3  0.05       0.15       18    70   0.35  0.0525  0.4769696007   0.05  4.45     4  0.1865637329   0.0843260255    0.0938388826
3: pre 2 post 3, 15% reduction   0.8     0.5  2  3  0.05       0.15       19    80    0.5   0.075           0.5   0.05  4.95     4  0.3145954165   0.1242343461    0.1417511434
3: pre 2 post 3, 15% reduction   0.8     0.5  2  3  0.05       0.15       20    80    0.5   0.075           0.5   0.05  4.95     4  0.3145954165   0.1242343461    0.1417511434
3: pre 2 post 3, 15% reduction   0.8     0.5  2  3  0.05       0.15       21    80    0.5   0.075           0.5   0.05  4.95     4  0.3145954165   0.1242343461    0.1417511434
3: pre 2 post 3, 15% reduction   0.8     0.5  2  3  0.05       0.15       22    80    0.5   0.075           0.5   0.05  4.95     4  0.3145954165   0.1242343461    0.1417511434
3: pre 2 post 3, 15% reduction   0.8     0.5  2  3  0.05       0.15       23    80    0.5   0.075           0.5   0.05  4.95     4  0.3145954165   0.1242343461    0.1417511434
3: pre 2 post 3, 15% reduction   0.8     0.5  2  3  0.05       0.15       24    80    0.5   0.075           0.5   0.05  4.95     4  0.3145954165   0.1242343461    0.1417511434
3: pre 2 post 3, 15% reduction   0.8     0.5  2  3  0.05       0.15       25    80    0.5   0.075           0.5   0.05  4.95     4  0.3145954165   0.1242343461    0.1417511434
3: pre 2 post 3, 15% reduction   0.8     0.5  2  3  0.05       0.15       26    80    0.5   0.075           0.5   0.05  4.95     4  0.3145954165   0.1242343461    0.1417511434
3: pre 2 post 3, 15% reduction   0.8     0.5  2  3  0.05       0.15       27    50    0.1   0.015           0.3   0.05  3.45     4  0.0676255415   0.0440429117    0.0464954284
3: pre 2 post 3, 15% reduction   0.8     0.5  2  3  0.05       0.15       28    50    0.1   0.015           0.3   0.05  3.45     4  0.0676255415   0.0440429117    0.0464954284
3: pre 2 post 3, 15% reduction   0.8     0.5  2  3  0.05       0.15       29    50    0.1   0.015           0.3   0.05  3.45     4  0.0676255415   0.0440429117    0.0464954284
3: pre 2 post 3, 15% reduction   0.8     0.5  2  3  0.05       0.15       30    50    0.1   0.015           0.3   0.05  3.45     4  0.0676255415   0.0440429117    0.0464954284


de=design effect due to clustering, rho=intracluster correlation, size=cluster size
k= number of pre-measurements, m=number of post-measurements, d=distance between first and last measurement
r=corr. between subsequent measurements; r_dmax= corr. between first and last measurement)
CS: corr. betw. all measurements the same; AR1/LEAR: corr decreases exponentially/linearly with distance betw.meas.
                                     35 clusters, alpha=0.05 (two-sided), icc=0.05
  ~50% of clusters around 35% (size=70), ~25% of clusters around 10% (size=80), ~25% of clusters around 50% (size=50)
                                      power meta-analyis over the ITS of clusters


n_cluster  power_LEAR_df   power_CS_df  power_AR1_df
---------  -------------  ------------  ------------
config=1: 2 pre, 2 post, 17% reduction

n_cluster  power_LEAR_df   power_CS_df  power_AR1_df  
       35   0.9242204907  0.9994945622  0.9303324573

config=2: 2 pre, 3 post, 17% reduction

n_cluster  power_LEAR_df   power_CS_df  power_AR1_df  
       35   0.9482122774  0.9998899379  0.9041448469

config=3: pre 2 post 3, 15% reduction

n_cluster  power_LEAR_df   power_CS_df  power_AR1_df  
       30   0.9092472676  0.9994698104  0.8499591219


n_cluster is the number of clusters in the meta-analysis
CS: corr. betw. all measurements the same; AR1/LEAR: corr decreases exponentially/linearly with distance betw.meas.