                         design overview: subjects per cluster-period and treatment assignment
                                  check whether each cluster-period has one treatment?

------------------------------------------------------------------------------------------------------------------
|             |                                              period                                              |
|             |--------------------------------------------------------------------------------------------------|
|             |   1    |   10   |   11   |   12   |   2    |   3    |   4    |   5    |   6    |   7    |   8    |
|             |--------+--------+--------+--------+--------+--------+--------+--------+--------+--------+--------|
|             |   N    |   N    |   N    |   N    |   N    |   N    |   N    |   N    |   N    |   N    |   N    |
|-------------+--------+--------+--------+--------+--------+--------+--------+--------+--------+--------+--------|
|center|trt   |        |        |        |        |        |        |        |        |        |        |        |
|------+------|        |        |        |        |        |        |        |        |        |        |        |
|1     |0     |       4|       .|       .|       .|       4|       4|       4|       4|       .|       .|       .|
|      |------+--------+--------+--------+--------+--------+--------+--------+--------+--------+--------+--------|
|      |1     |       .|       4|       4|       4|       .|       .|       .|       .|       4|       4|       4|
|------+------+--------+--------+--------+--------+--------+--------+--------+--------+--------+--------+--------|
|2     |0     |       4|       .|       .|       .|       4|       4|       4|       4|       4|       .|       .|
|      |------+--------+--------+--------+--------+--------+--------+--------+--------+--------+--------+--------|
|      |1     |       .|       4|       4|       4|       .|       .|       .|       .|       .|       4|       4|
------------------------------------------------------------------------------------------------------------------
(CONTINUED)

                         design overview: subjects per cluster-period and treatment assignment
                                  check whether each cluster-period has one treatment?

------------------------
|             | period |
|             |--------|
|             |   9    |
|             |--------|
|             |   N    |
|-------------+--------|
|center|trt   |        |
|------+------|        |
|1     |0     |       .|
|      |------+--------|
|      |1     |       4|
|------+------+--------|
|2     |0     |       .|
|      |------+--------|
|      |1     |       4|
------------------------

                             descriptives for the continuous outcome across cluster-periods
                                      description   ****score: symptom score *****
                                                       all values

                                                  The MEANS Procedure

 Variable  Label                N   N Miss        Minimum        Maximum       5th Pctl    95th Pctl   Lower Quartile         Median   Upper Quartile           Mean        Std Dev
 ----------------------------------------------------------------------------------------------------------------------------------------------------------------------------------
 score     symptom score       96        0      7.5003505     22.9152502     11.8489027   22.1660332       14.1798349     16.3418892       19.0530555     16.5763743      3.2431267
 ----------------------------------------------------------------------------------------------------------------------------------------------------------------------------------

                             descriptives for the continuous outcome across cluster-periods
                                      description   ****score: symptom score *****
                                                       all values

PROC SGPANEL Output
Data: ds

Variables: center, period, trt, score

    center      period         trt       score
----------  ----------  ----------  ----------
         1           1           0  18.2640102562
         1           1           0  20.2957247807
         1           1           0  15.9123947247
         1           1           0  20.3632105284
         1           2           0  16.2826927467
         1           2           0  20.7052212567
         1           2           0  18.6353892839
         1           2           0  22.1811431706
         1           3           0  20.4093082275
         1           3           0  20.2608859118
         1           3           0  22.1660331881
         1           3           0  17.7643973363
         1           4           0  20.5224312808
         1           4           0  22.9152502067
         1           4           0  18.478004476
         1           4           0  17.7757945786
         1           5           0  15.9237509954
         1           5           0  17.0201814358
         1           5           0  17.5822291522
         1           5           0  15.6337908694
         1           6           1  12.7738032568
         1           6           1  15.1881962355
         1           6           1  12.4062390276
         1           6           1  14.6612225397
         1           7           1  15.3571400614
         1           7           1  16.3758456169
         1           7           1  13.1490232075
         1           7           1  16.7815166602
         1           8           1  12.3354443689
         1           8           1  14.1298558734
         1           8           1  11.8489027279
         1           8           1  13.8580996395
         1           9           1  14.9102734388
         1           9           1  14.4632247454
         1           9           1  12.7889071898
         1           9           1  11.3067758047
         1          10           1  15.1936705037
         1          10           1  13.572451721
         1          10           1  17.8383908852
         1          10           1  16.459337954
         1          11           1  10.8616553466
         1          11           1  15.4970830823
         1          11           1  14.4514328968
         1          11           1  12.1963611825
         1          12           1  14.2298139183
         1          12           1  15.0121285925
         1          12           1  7.5003504625
         1          12           1  15.6696142541
         2           1           0  21.9488436215
         2           1           0  17.182447189
         2           1           0  21.2174673987
         2           1           0  22.4258333642
         2           2           0  21.7107347258
         2           2           0  21.6580795725
         2           2           0  21.3664596381
         2           2           0  21.0425706209
         2           3           0  18.8005711383
         2           3           0  18.322146541
         2           3           0  16.8686821349
         2           3           0  19.3055398828
         2           4           0  18.1363885553
         2           4           0  16.3079328809
         2           4           0  21.3909944084
         2           4           0  18.3262230873
         2           5           0  22.363014653
         2           5           0  20.0453258492
         2           5           0  17.6842373788
         2           5           0  16.3914961557
         2           6           0  19.9944664343
         2           6           0  19.3424421169
         2           6           0  19.6476370379
         2           6           0  19.3764509624
         2           7           1  13.835053475
         2           7           1  18.0715146884
         2           7           1  14.2427436505
         2           7           1  16.2849611363
         2           8           1  14.4162508466
         2           8           1  18.5211909889
         2           8           1  16.1795924191
         2           8           1  12.7408218286
         2           9           1  14.5034358694
         2           9           1  16.4609889947
         2           9           1  13.6552760617
         2           9           1  14.4883419603
         2          10           1  13.230691423
         2          10           1  11.7373883951
         2          10           1  12.8758599764
         2          10           1  13.7264134513
         2          11           1  12.3952109692
         2          11           1  16.8903773038
         2          11           1  13.0720503793
         2          11           1  13.9814967912
         2          12           1  14.4410237662
         2          12           1  15.2898419627
         2          12           1  16.5408486855
         2          12           1  12.9859637676

center: N=96, Min=1.0000, Max=2.0000, Mean=1.5000, Sum=144.0000
period: N=96, Min=1.0000, Max=12.0000, Mean=6.5000, Sum=624.0000
trt: N=96, Min=0.0000, Max=1.0000, Mean=0.5417, Sum=52.0000
score: N=96, Min=7.5004, Max=22.9153, Mean=16.5764, Sum=1591.3319
                             descriptives for the continuous outcome across cluster-periods
                                      description   ****score: symptom score *****
                                              data size per cluster-period

----------------------------------------------------------------------------------------------------------------------
|        |                                        score: N per cluster-period                                        |
|        |-----------------------------------------------------------------------------------------------------------|
|        |   1    |   10   |   11   |   12   |   2    |   3    |   4    |   5    |   6    |   7    |   8    |   9    |
|--------+--------+--------+--------+--------+--------+--------+--------+--------+--------+--------+--------+--------|
|center  |        |        |        |        |        |        |        |        |        |        |        |        |
|--------|        |        |        |        |        |        |        |        |        |        |        |        |
|1       |       4|       4|       4|       4|       4|       4|       4|       4|       4|       4|       4|       4|
|--------+--------+--------+--------+--------+--------+--------+--------+--------+--------+--------+--------+--------|
|2       |       4|       4|       4|       4|       4|       4|       4|       4|       4|       4|       4|       4|
----------------------------------------------------------------------------------------------------------------------

                             descriptives for the continuous outcome across cluster-periods
                                      description   ****score: symptom score *****
                                                mean per cluster-period

----------------------------------------------------------------------------------------------------------------------
|        |                                      score: mean per cluster-period                                       |
|        |-----------------------------------------------------------------------------------------------------------|
|        |   1    |   10   |   11   |   12   |   2    |   3    |   4    |   5    |   6    |   7    |   8    |   9    |
|--------+--------+--------+--------+--------+--------+--------+--------+--------+--------+--------+--------+--------|
|center  |        |        |        |        |        |        |        |        |        |        |        |        |
|--------|        |        |        |        |        |        |        |        |        |        |        |        |
|1       |   18.71|   15.77|   13.25|   13.10|   19.45|   20.15|   19.92|   16.54|   13.76|   15.42|   13.04|   13.37|
|--------+--------+--------+--------+--------+--------+--------+--------+--------+--------+--------+--------+--------|
|2       |   20.69|   12.89|   14.08|   14.81|   21.44|   18.32|   18.54|   19.12|   19.59|   15.61|   15.46|   14.78|
----------------------------------------------------------------------------------------------------------------------

                             descriptives for the continuous outcome across cluster-periods
                                       analysis    ****score: symptom score ****
                                             time series plot per cluster)
                                  (note: periods with trt=0 and 1 are considered trt=1

PROC SGPANEL Output
Data: _clusPeriodmeans

Variables: center, period, trt, _TYPE_, _FREQ_, mean

    center      period         trt      _TYPE_      _FREQ_        mean
----------  ----------  ----------  ----------  ----------  ----------
         .           .           0           0          96  16.5763742681
         .           1           0           1           8  19.7012414829
         .           2           0           1           8  20.4477863769
         .           3           0           1           8  19.2371955451
         .           4           0           1           8  19.2316274343
         .           5           0           1           8  17.8305033112
         .           6           0           1           8  16.6738072014
         .           7           1           1           8  15.512224812
         .           8           1           1           8  14.2537698366
         .           9           1           1           8  14.0721530081
         .          10           1           1           8  14.3292755387
         .          11           1           1           8  13.668208494
         .          12           1           1           8  13.9586981762
         1           .           0           2          48  16.0397626167
         2           .           0           2          48  17.1129859196
         1           1           0           3           4  18.7088350725
         1           2           0           3           4  19.4511116145
         1           3           0           3           4  20.1501561659
         1           4           0           3           4  19.9228701355
         1           5           0           3           4  16.5399881132
         1           6           1           3           4  13.7573652649
         1           7           1           3           4  15.4158813865
         1           8           1           3           4  13.0430756524
         1           9           1           3           4  13.3672952947
         1          10           1           3           4  15.765962766
         1          11           1           3           4  13.251633127
         1          12           1           3           4  13.1029768069
         2           1           0           3           4  20.6936478934
         2           2           0           3           4  21.4444611393
         2           3           0           3           4  18.3242349242
         2           4           0           3           4  18.540384733
         2           5           0           3           4  19.1210185092
         2           6           0           3           4  19.5902491379
         2           7           1           3           4  15.6085682375
         2           8           1           3           4  15.4644640208
         2           9           1           3           4  14.7770107215
         2          10           1           3           4  12.8925883114
         2          11           1           3           4  14.0847838609
         2          12           1           3           4  14.8144195455

center: N=26, Min=1.0000, Max=2.0000, Mean=1.5000, Sum=39.0000
period: N=36, Min=1.0000, Max=12.0000, Mean=6.5000, Sum=234.0000
trt: N=39, Min=0.0000, Max=1.0000, Mean=0.4872, Sum=19.0000
_TYPE_: N=39, Min=0.0000, Max=3.0000, Mean=2.2564, Sum=88.0000
_FREQ_: N=39, Min=4.0000, Max=96.0000, Mean=9.8462, Sum=384.0000
mean: N=39, Min=12.8926, Max=21.4445, Mean=16.5764, Sum=646.4786
                             descriptives for the continuous outcome across cluster-periods
                                       analysis    ****score: symptom score ****
                                           disregarding possible time trend:

                                                  The MEANS Procedure

                                        Analysis Variable : score symptom score

        trt               N Obs         N Miss        Minimum        Maximum       5th Pctl      95th Pctl  Lower Quartile         Median  Upper Quartile           Mean        Std Dev
        -------------------------------------------------------------------------------------------------------------------------------------------------------------------------------
        0                    44              0     15.6337909     22.9152502     15.9237510     22.3630147      17.7243174     19.3594465      21.1300190     19.3169961      2.0783874
        1                    52              0      7.5003505     18.5211910     11.3067758     17.8383909      12.9309119     14.3294972      15.4271116     14.2573865      1.9966929
        -------------------------------------------------------------------------------------------------------------------------------------------------------------------------------

                             descriptives for the continuous outcome across cluster-periods
                                       analysis    ****score: symptom score ****
                                           disregarding possible time trend:
                               shift in distribution by intervention: over *all* clusters

                             descriptives for the continuous outcome across cluster-periods
                                       analysis    ****score: symptom score ****
                                           disregarding possible time trend:
                                   shift in distribution by intervention: by cluster

PROC SGPANEL Output
Data: _shift

Variables: center, period, trt, score, intervention_score, control_score

    center      period         trt       score  intervention_score  control_score
----------  ----------  ----------  ----------  ------------------  -------------
         1           1           0  18.2640102562                   .  18.2640102562
         1           1           0  20.2957247807                   .  20.2957247807
         1           1           0  15.9123947247                   .  15.9123947247
         1           1           0  20.3632105284                   .  20.3632105284
         1           2           0  16.2826927467                   .  16.2826927467
         1           2           0  20.7052212567                   .  20.7052212567
         1           2           0  18.6353892839                   .  18.6353892839
         1           2           0  22.1811431706                   .  22.1811431706
         1           3           0  20.4093082275                   .  20.4093082275
         1           3           0  20.2608859118                   .  20.2608859118
         1           3           0  22.1660331881                   .  22.1660331881
         1           3           0  17.7643973363                   .  17.7643973363
         1           4           0  20.5224312808                   .  20.5224312808
         1           4           0  22.9152502067                   .  22.9152502067
         1           4           0  18.478004476                   .   18.478004476
         1           4           0  17.7757945786                   .  17.7757945786
         1           5           0  15.9237509954                   .  15.9237509954
         1           5           0  17.0201814358                   .  17.0201814358
         1           5           0  17.5822291522                   .  17.5822291522
         1           5           0  15.6337908694                   .  15.6337908694
         1           6           1  12.7738032568       12.7738032568              .
         1           6           1  15.1881962355       15.1881962355              .
         1           6           1  12.4062390276       12.4062390276              .
         1           6           1  14.6612225397       14.6612225397              .
         1           7           1  15.3571400614       15.3571400614              .
         1           7           1  16.3758456169       16.3758456169              .
         1           7           1  13.1490232075       13.1490232075              .
         1           7           1  16.7815166602       16.7815166602              .
         1           8           1  12.3354443689       12.3354443689              .
         1           8           1  14.1298558734       14.1298558734              .
         1           8           1  11.8489027279       11.8489027279              .
         1           8           1  13.8580996395       13.8580996395              .
         1           9           1  14.9102734388       14.9102734388              .
         1           9           1  14.4632247454       14.4632247454              .
         1           9           1  12.7889071898       12.7889071898              .
         1           9           1  11.3067758047       11.3067758047              .
         1          10           1  15.1936705037       15.1936705037              .
         1          10           1  13.572451721        13.572451721              .
         1          10           1  17.8383908852       17.8383908852              .
         1          10           1  16.459337954        16.459337954              .
         1          11           1  10.8616553466       10.8616553466              .
         1          11           1  15.4970830823       15.4970830823              .
         1          11           1  14.4514328968       14.4514328968              .
         1          11           1  12.1963611825       12.1963611825              .
         1          12           1  14.2298139183       14.2298139183              .
         1          12           1  15.0121285925       15.0121285925              .
         1          12           1  7.5003504625        7.5003504625              .
         1          12           1  15.6696142541       15.6696142541              .
         2           1           0  21.9488436215                   .  21.9488436215
         2           1           0  17.182447189                   .   17.182447189
         2           1           0  21.2174673987                   .  21.2174673987
         2           1           0  22.4258333642                   .  22.4258333642
         2           2           0  21.7107347258                   .  21.7107347258
         2           2           0  21.6580795725                   .  21.6580795725
         2           2           0  21.3664596381                   .  21.3664596381
         2           2           0  21.0425706209                   .  21.0425706209
         2           3           0  18.8005711383                   .  18.8005711383
         2           3           0  18.322146541                   .   18.322146541
         2           3           0  16.8686821349                   .  16.8686821349
         2           3           0  19.3055398828                   .  19.3055398828
         2           4           0  18.1363885553                   .  18.1363885553
         2           4           0  16.3079328809                   .  16.3079328809
         2           4           0  21.3909944084                   .  21.3909944084
         2           4           0  18.3262230873                   .  18.3262230873
         2           5           0  22.363014653                   .   22.363014653
         2           5           0  20.0453258492                   .  20.0453258492
         2           5           0  17.6842373788                   .  17.6842373788
         2           5           0  16.3914961557                   .  16.3914961557
         2           6           0  19.9944664343                   .  19.9944664343
         2           6           0  19.3424421169                   .  19.3424421169
         2           6           0  19.6476370379                   .  19.6476370379
         2           6           0  19.3764509624                   .  19.3764509624
         2           7           1  13.835053475        13.835053475              .
         2           7           1  18.0715146884       18.0715146884              .
         2           7           1  14.2427436505       14.2427436505              .
         2           7           1  16.2849611363       16.2849611363              .
         2           8           1  14.4162508466       14.4162508466              .
         2           8           1  18.5211909889       18.5211909889              .
         2           8           1  16.1795924191       16.1795924191              .
         2           8           1  12.7408218286       12.7408218286              .
         2           9           1  14.5034358694       14.5034358694              .
         2           9           1  16.4609889947       16.4609889947              .
         2           9           1  13.6552760617       13.6552760617              .
         2           9           1  14.4883419603       14.4883419603              .
         2          10           1  13.230691423        13.230691423              .
         2          10           1  11.7373883951       11.7373883951              .
         2          10           1  12.8758599764       12.8758599764              .
         2          10           1  13.7264134513       13.7264134513              .
         2          11           1  12.3952109692       12.3952109692              .
         2          11           1  16.8903773038       16.8903773038              .
         2          11           1  13.0720503793       13.0720503793              .
         2          11           1  13.9814967912       13.9814967912              .
         2          12           1  14.4410237662       14.4410237662              .
         2          12           1  15.2898419627       15.2898419627              .
         2          12           1  16.5408486855       16.5408486855              .
         2          12           1  12.9859637676       12.9859637676              .

center: N=96, Min=1.0000, Max=2.0000, Mean=1.5000, Sum=144.0000
period: N=96, Min=1.0000, Max=12.0000, Mean=6.5000, Sum=624.0000
trt: N=96, Min=0.0000, Max=1.0000, Mean=0.5417, Sum=52.0000
score: N=96, Min=7.5004, Max=22.9153, Mean=16.5764, Sum=1591.3319
intervention_score: N=52, Min=7.5004, Max=18.5212, Mean=14.2574, Sum=741.3841
control_score: N=44, Min=15.6338, Max=22.9153, Mean=19.3170, Sum=849.9478
                             descriptives for the continuous outcome across cluster-periods
                                       analysis    ****score: symptom score ****
                                           disregarding possible time trend:
                                           shift in means, medians, boxplots

PROC SGPANEL Output
Data: ds

Variables: center, period, trt, score

    center      period         trt       score
----------  ----------  ----------  ----------
         1           1           0  18.2640102562
         1           1           0  20.2957247807
         1           1           0  15.9123947247
         1           1           0  20.3632105284
         1           2           0  16.2826927467
         1           2           0  20.7052212567
         1           2           0  18.6353892839
         1           2           0  22.1811431706
         1           3           0  20.4093082275
         1           3           0  20.2608859118
         1           3           0  22.1660331881
         1           3           0  17.7643973363
         1           4           0  20.5224312808
         1           4           0  22.9152502067
         1           4           0  18.478004476
         1           4           0  17.7757945786
         1           5           0  15.9237509954
         1           5           0  17.0201814358
         1           5           0  17.5822291522
         1           5           0  15.6337908694
         1           6           1  12.7738032568
         1           6           1  15.1881962355
         1           6           1  12.4062390276
         1           6           1  14.6612225397
         1           7           1  15.3571400614
         1           7           1  16.3758456169
         1           7           1  13.1490232075
         1           7           1  16.7815166602
         1           8           1  12.3354443689
         1           8           1  14.1298558734
         1           8           1  11.8489027279
         1           8           1  13.8580996395
         1           9           1  14.9102734388
         1           9           1  14.4632247454
         1           9           1  12.7889071898
         1           9           1  11.3067758047
         1          10           1  15.1936705037
         1          10           1  13.572451721
         1          10           1  17.8383908852
         1          10           1  16.459337954
         1          11           1  10.8616553466
         1          11           1  15.4970830823
         1          11           1  14.4514328968
         1          11           1  12.1963611825
         1          12           1  14.2298139183
         1          12           1  15.0121285925
         1          12           1  7.5003504625
         1          12           1  15.6696142541
         2           1           0  21.9488436215
         2           1           0  17.182447189
         2           1           0  21.2174673987
         2           1           0  22.4258333642
         2           2           0  21.7107347258
         2           2           0  21.6580795725
         2           2           0  21.3664596381
         2           2           0  21.0425706209
         2           3           0  18.8005711383
         2           3           0  18.322146541
         2           3           0  16.8686821349
         2           3           0  19.3055398828
         2           4           0  18.1363885553
         2           4           0  16.3079328809
         2           4           0  21.3909944084
         2           4           0  18.3262230873
         2           5           0  22.363014653
         2           5           0  20.0453258492
         2           5           0  17.6842373788
         2           5           0  16.3914961557
         2           6           0  19.9944664343
         2           6           0  19.3424421169
         2           6           0  19.6476370379
         2           6           0  19.3764509624
         2           7           1  13.835053475
         2           7           1  18.0715146884
         2           7           1  14.2427436505
         2           7           1  16.2849611363
         2           8           1  14.4162508466
         2           8           1  18.5211909889
         2           8           1  16.1795924191
         2           8           1  12.7408218286
         2           9           1  14.5034358694
         2           9           1  16.4609889947
         2           9           1  13.6552760617
         2           9           1  14.4883419603
         2          10           1  13.230691423
         2          10           1  11.7373883951
         2          10           1  12.8758599764
         2          10           1  13.7264134513
         2          11           1  12.3952109692
         2          11           1  16.8903773038
         2          11           1  13.0720503793
         2          11           1  13.9814967912
         2          12           1  14.4410237662
         2          12           1  15.2898419627
         2          12           1  16.5408486855
         2          12           1  12.9859637676

center: N=96, Min=1.0000, Max=2.0000, Mean=1.5000, Sum=144.0000
period: N=96, Min=1.0000, Max=12.0000, Mean=6.5000, Sum=624.0000
trt: N=96, Min=0.0000, Max=1.0000, Mean=0.5417, Sum=52.0000
score: N=96, Min=7.5004, Max=22.9153, Mean=16.5764, Sum=1591.3319
                             descriptives for the continuous outcome across cluster-periods
                                       analysis    ****score: symptom score ****
                                           disregarding possible time trend:
                                           shift in means, medians, boxplots

                                                  The MEANS Procedure

                                        Analysis Variable : score symptom score

        trt               N Obs         N Miss           Mean        Std Dev         Median  Lower Quartile  Upper Quartile
        -------------------------------------------------------------------------------------------------------------------
        0                    44              0     19.3169961      2.0783874     19.3594465      17.7243174      21.1300190
        1                    52              0     14.2573865      1.9966929     14.3294972      12.9309119      15.4271116
        -------------------------------------------------------------------------------------------------------------------
